48
54
55
48
104
57
55
57
48
48
48
48
48
56
49
56
54
57
54
57
53
49
107
56
51
56
56
57
52
115
52
56
53
54
56
50
98
102
54
50
56
57
48
50
99
49
51
52
50
55
57
57
99
57
53
54
56
57
100
50
51
48
51
51
53
51
115
49
53
53
57
53
57
55
48
53
52
54
52
50
109
53
53
56
55
54
53
52
120
56
51
56
56
57
52
115
52
52
52
53
54
55
53
50
57
57
56
55
54
54
107
56
56
50
50
50
50
54
49
116
51
56
57
57
56
56
112
53
53
54
57
48
54
50
51
48
56
48
97
49
54
50
55
53
53
122
57
50
50
55
53
53
122
57
50
54
55
48
104
57
55
54
55
48
104
57
55
10
10
10
10
10
10
54
55
48
104
57
55
-1
-1
-1
